Generated 10 Lucky Lotto Numbers (Round 1218)
-------------------------------------------
1.  16, 24, 33, 36, 41, 44 (Sum: 194)
2.  01, 06, 07, 16, 17, 42 (Sum: 89)
3.  03, 19, 22, 23, 36, 42 (Sum: 145)
4.  05, 11, 13, 17, 37, 40 (Sum: 123)
5.  06, 10, 13, 32, 36, 41 (Sum: 138)
6.  19, 25, 32, 33, 37, 40 (Sum: 186)
7.  06, 11, 14, 18, 38, 41 (Sum: 128)
8.  09, 14, 25, 28, 35, 42 (Sum: 153)
9.  07, 08, 13, 22, 26, 29 (Sum: 105)
10. 27, 30, 32, 34, 38, 41 (Sum: 202)

Saved to .source/Lotto023.xlsx for Round 1218.
Good luck!
